98
408
536
785
47
419
701
14
71
340
587
771
216
266
669
740
500
621
867
910
436
839
852
927
37
236
659
807
316
430
541
779
835
64
296
763
465
600
725
863
470
889
955
989
154
298
875
116
181
240
818
925
932
279
448
485
751
340
526
587
771
778
151
185
190
201
378
905
374
578
615
753
539
736
786
887
232
370
484
539
41
231
272
624
680
691
831
895
197
408
427
449
541
320
528
544
734
149
574
723
737
93
247
574
596
147
155
177
206
712
717
859
914
40
316
870
985
204
526
855
912
105
343
549
39
51
75
291
553
630
842
385
497
595
660
80
243
734
850
301
554
663
196
554
667
681
728
924
992
331
706
819
282
429
933
968
234
590
965
99
197
559
758
832
202
346
387
649
580
754
898
931
759
811
43
589
961
272
594
731
62
343
892
969
267
548
589
961
69
876
953
47
252
701
946
150
409
910
320
349
701
91
195
329
460
766
975
361
744
887
551
618
639
644
55
75
186
269
333
432
451
668
169
178
356
381
609
195
309
358
520
696
797
65
75
186
269
362
266
474
753
911
586
656
728
292
359
560
492
878
972
354
520
551
797
321
467
812
836
950
209
565
244
416
584
97
210
271
433
500
800
109
186
362
302
348
466
619
656
764
987
96
176
502
547
600
711
738
819
391
434
506
907
115
359
706
762
417
582
748
798
847
563
771
972
263
372
411
458
652
653
443
515
775
826
128
152
508
622
269
230
400
630
679
711
218
251
295
525
805
953
954
176
741
752
761
902
465
904
910
125
323
335
438
734
124
410
651
921
335
544
734
755
591
854
987
293
377
498
855
219
291
617
668
312
585
598
851
414
507
664
485
589
929
289
314
591
137
144
371
511
561
641
868
999
195
329
382
516
693
766
926
975
687
717
767
783
859
873
308
596
557
577
919
225
254
287
469
509
936
274
331
352
422
686
810
819
913
942
945
296
483
607
650
239
373
130
239
269
559
601
895
146
153
167
715
828
117
213
310
345
616
627
773
833
456
659
709
927
979
142
241
285
572
913
209
341
343
351
437
565
802
969
982
482
549
588
640
695
802
892
121
513
745
330
344
600
694
186
842
127
377
418
654
989
120
407
454
568
657
167
457
722
957
124
745
760
235
339
444
557
945
116
818
970
306
399
431
925
300
345
538
564
598
977
260
318
858
253
314
503
956
328
568
599
690
278
391
827
318
394
459
487
857
946
245
257
551
769
921
922
323
734
223
472
563
603
889
955
216
379
631
214
230
501
508
271
433
909
197
679
365
395
905
159
253
503
991
307
360
614
690
187
598
625
672
733
183
258
678
840
309
754
797
175
189
345
616
620
868
180
202
226
387
495
864
435
448
493
634
945
244
416
584
536
622
759
980
398
711
791
160
423
915
153
371
315
652
729
787
994
153
715
957
155
170
443
914
340
370
379
472
683
855
937
157
723
795
838
903
273
409
910
201
462
273
432
167
715
828
212
298
875
424
443
859
873
914
255
468
815
486
535
723
740
838
172
669
814
942
943
540
658
732
399
556
569
985
424
566
629
658
732
331
738
856
200
527
539
704
334
817
905
257
266
312
615
662
478
496
673
305
457
722
899
947
258
639
811
825
922
376
973
386
914
205
216
464
747
806
997
184
814
777
792
822
881
246
461
570
721
189
345
641
743
262
741
217
336
687
703
332
426
575
609
623
808
967
973
564
598
602
202
984
306
762
244
416
584
883
288
354
520
590
678
696
270
304
666
741
194
284
349
756
884
905
432
310
369
620
872
977
268
389
628
841
885
793
201
712
383
384
470
772
937
258
422
467
477
480
216
744
747
880
395
462
844
329
358
543
301
434
462
239
427
449
541
559
758
832
242
271
697
547
579
682
684
822
283
477
527
573
704
760
768
954
215
403
346
495
659
480
686
789
223
377
418
563
603
338
357
906
997
336
703
712
930
323
327
364
397
506
610
612
829
956
983
278
402
674
827
971
976
455
565
982
995
433
484
599
245
436
623
996
545
749
929
499
564
414
432
519
667
824
464
576
631
747
837
997
424
453
629
703
411
451
333
362
517
606
613
651
308
951
986
435
494
613
853
913
603
388
459
487
952
287
509
933
495
775
864
890
518
692
750
924
472
881
913
818
845
893
918
400
508
630
759
954
272
594
601
257
911
662
677
789
965
990
510
581
724
792
248
442
772
807
852
580
754
931
375
704
785
373
276
298
299
337
423
713
716
726
784
891
985
337
569
271
607
680
521
592
829
958
998
250
264
416
584
883
307
623
765
810
555
721
874
356
535
543
574
807
979
332
398
903
990
264
584
411
716
954
318
946
503
767
774
469
482
509
355
524
735
771
593
888
938
964
513
614
390
410
477
571
624
639
725
768
895
922
340
418
962
708
884
404
538
934
684
784
652
653
670
782
412
473
490
788
804
871
366
474
688
837
876
648
848
463
627
757
833
858
558
962
974
433
650
800
594
875
409
480
662
853
894
428
628
858
350
532
784
970
572
577
882
921
922
905
958
971
485
517
333
451
904
910
935
316
471
489
779
830
835
893
329
429
968
545
546
677
742
760
845
920
755
850
594
720
929
705
751
776
321
509
696
908
328
378
655
773
736
770
887
719
801
525
617
739
492
683
742
379
597
631
688
803
881
330
372
611
739
763
305
369
774
947
713
791
556
638
538
557
843
554
612
663
667
656
958
691
748
810
845
383
539
439
457
476
638
762
784
614
690
486
570
596
849
951
960
978
986
754
797
369
695
872
681
734
901
319
366
907
609
632
860
591
652
729
787
994
489
779
379
470
631
900
946
447
975
528
544
836
671
838
865
364
506
612
907
347
365
388
394
403
444
510
579
702
777
376
743
965
335
663
829
368
568
655
988
358
421
605
766
968
525
694
426
609
973
451
365
395
816
817
905
963
703
923
930
352
569
945
806
880
441
530
370
735
771
778
855
437
588
802
414
507
647
664
665
892
969
501
600
616
793
625
649
388
583
655
466
523
619
592
755
884
840
966
455
488
599
690
686
642
839
852
890
927
618
825
838
468
666
735
962
974
376
967
475
789
516
726
925
985
510
887
645
887
553
398
595
818
819
895
397
506
610
667
959
905
677
380
461
671
823
866
996
378
824
476
654
993
511
561
868
999
653
711
390
745
474
820
911
396
412
546
704
781
808
965
973
418
468
526
654
900
989
523
725
824
384
470
472
576
597
631
778
803
815
877
878
912
937
866
903
426
865
605
693
926
975
870
880
492
912
497
548
594
660
698
847
479
939
991
495
403
459
756
952
976
428
628
841
885
886
451
571
856
462
750
901
971
433
650
782
598
714
843
459
857
952
462
821
412
804
554
959
435
546
606
814
861
431
818
870
925
536
519
824
921
692
827
971
413
459
674
817
905
971
499
602
714
934
532
537
579
784
537
837
920
454
685
699
507
541
910
662
727
769
895
922
458
525
994
473
512
788
804
871
816
817
507
664
676
902
953
584
782
485
493
606
634
748
861
989
734
809
992
555
570
575
605
693
975
639
719
556
638
689
710
915
479
566
658
712
717
660
698
869
609
449
628
605
968
494
638
925
668
599
782
786
800
909
991
776
920
729
896
452
708
846
998
476
584
680
530
777
822
906
481
491
530
822
852
927
826
873
510
530
684
702
777
791
753
819
891
492
498
889
538
697
775
634
541
745
856
516
585
851
617
834
963
629
914
568
657
685
565
672
709
979
661
722
899
947
525
553
653
487
952
585
851
737
823
866
844
976
627
757
884
806
531
904
932
935
619
656
764
812
836
863
524
836
936
937
706
776
918
937
527
562
731
820
911
601
679
875
680
496
673
718
712
939
949
494
550
647
491
777
801
650
782
606
786
517
861
596
857
690
802
779
788
917
724
822
498
878
972
705
730
921
673
718
660
878
598
602
714
786
536
759
980
744
834
835
897
767
573
648
768
831
560
708
821
610
667
728
907
983
992
664
936
702
777
791
999
781
785
517
651
862
607
780
909
534
636
774
572
651
688
901
924
971
821
824
533
797
827
998
589
698
869
879
656
735
611
694
739
912
974
704
850
551
696
898
822
541
637
856
925
970
908
941
636
923
570
740
643
759
626
738
813
843
897
934
658
767
956
727
856
948
604
687
987
605
560
701
734
755
850
551
684
920
595
645
881
847
961
892
685
821
735
771
993
668
842
663
667
959
575
765
638
689
915
919
666
815
962
974
867
755
641
615
710
820
603
977
588
982
995
629
658
586
604
854
940
987
833
988
638
990
719
910
922
639
768
904
590
609
860
967
631
843
919
648
753
831
848
724
777
881
754
898
931
594
951
746
786
929
708
846
963
976
883
851
636
771
971
888
938
964
720
929
675
986
631
602
733
793
690
635
781
912
656
854
987
705
751
776
837
861
680
621
812
909
981
623
632
675
860
967
973
739
752
867
708
846
686
623
690
742
793
668
811
678
872
780
796
909
981
811
980
808
895
672
784
831
757
833
858
885
732
801
842
877
860
728
821
824
645
761
781
785
774
799
923
643
668
689
862
954
690
802
896
868
839
890
668
954
725
812
760
707
787
916
704
848
944
763
782
909
853
653
670
932
993
764
886
685
979
698
869
899
947
984
716
928
667
730
896
741
974
801
805
700
746
943
966
694
838
866
903
695
718
971
967
804
806
686
882
696
748
797
758
901
822
906
937
777
699
706
789
717
915
802
749
789
929
924
926
797
898
863
919
869
879
885
879
943
966
930
781
785
891
861
787
916
821
852
731
717
949
784
872
828
984
929
737
795
840
996
921
784
794
925
832
942
983
979
751
776
876
826
793
869
865
922
765
803
965
887
966
880
929
971
845
953
797
931
905
885
954
845
990
805
783
991
895
823
776
887
852
988
940
792
830
981
785
845
909
873
831
925
954
916
994
917
830
890
944
990
891
945
838
888
996
848
899
852
927
896
877
889
871
917
845
880
901
907
992
954
863
950
843
919
957
945
817
891
925
875
940
906
866
840
971
907
848
897
893
929
944
885
897
966
977
963
976
886
874
964
986
927
894
945
987
871
948
928
866
996
910
902
978
986
953
912
919
919
938
969
918
895
908
941
912
924
992
941
935
921
928
922
948
930
987
971
979
944
968
950
955
949
945
984
960
986
976
989
988
978
986
974
997
986
995
