64
61
69
62
50
43
44
74
64
76
65
84
53
49
53
48
30
38
36
42
39
45
44
45
51
46
45
48
47
36
51
50
50
47
48
52
49
62
53
50
79
66
85
79
50
46
46
62
44
71
77
71
9
53
55
66
44
78
77
64
75
65
85
91
48
116
59
90
67
63
60
55
33
32
34
34
37
40
46
44
52
68
60
65
62
69
67
72
61
66
60
68
62
44
31
42
42
66
67
83
60
91
59
65
77
49
54
53
56
65
61
45
49
40
42
36
42
78
75
75
76
52
52
58
43
70
77
59
57
57
46
51
47
62
52
53
56
50
40
64
61
67
59
69
74
54
50
67
61
58
53
55
40
40
27
42
58
52
65
54
54
50
51
44
56
56
44
46
72
64
68
47
42
42
47
48
59
56
53
52
31
49
46
49
39
49
58
67
43
49
46
36
38
44
34
54
54
45
43
44
46
60
54
57
36
10
56
42
44
43
82
39
52
70
66
66
58
58
61
58
71
71
54
56
61
35
57
30
35
37
66
59
92
52
61
59
73
53
55
60
54
50
30
34
28
11
11
9
69
68
70
42
74
68
74
50
63
76
66
45
31
31
41
45
40
48
44
58
64
29
67
37
57
52
42
42
46
42
42
39
51
69
54
59
51
67
64
66
63
66
38
60
65
51
49
49
45
56
53
54
34
56
63
65
62
49
58
58
76
50
58
48
39
16
41
52
36
44
54
69
77
67
62
45
70
49
70
71
73
36
58
86
68
58
62
14
56
39
40
42
33
50
44
59
48
55
66
54
92
47
50
55
53
34
41
40
67
72
73
73
53
60
58
75
44
43
55
51
42
33
38
46
52
45
30
34
58
54
36
53
38
51
58
59
38
57
60
61
57
58
13
41
64
51
52
57
36
47
52
64
92
33
39
31
49
70
52
63
66
58
76
52
69
75
61
46
64
60
70
97
44
39
50
48
58
70
50
48
56
50
59
60
57
60
58
44
39
60
61
54
58
64
43
51
49
34
43
33
39
45
88
35
69
58
73
47
53
52
54
45
47
55
52
47
43
56
48
59
38
56
56
42
35
37
59
64
56
45
43
43
83
93
89
86
84
69
52
59
59
35
66
64
62
55
41
52
41
85
54
64
53
80
50
54
46
53
66
53
65
71
58
66
71
67
64
32
25
25
36
27
38
34
54
56
43
45
57
56
54
31
67
65
74
49
34
53
44
61
56
74
62
30
31
57
72
69
74
67
74
78
88
92
36
57
55
52
61
61
63
48
55
64
62
67
52
66
68
58
45
40
49
47
58
54
45
46
74
63
66
59
48
73
78
65
57
49
57
57
48
53
41
63
56
42
60
44
59
61
60
62
95
47
38
38
49
58
51
47
70
83
84
32
31
38
36
37
38
35
36
31
32
63
47
59
53
44
48
60
85
84
95
84
71
78
84
70
75
64
70
76
34
54
45
91
85
39
35
58
50
39
54
65
56
53
48
49
48
53
75
75
76
55
49
65
44
77
58
70
62
53
58
53
56
36
52
54
52
50
52
47
39
51
37
54
50
40
46
59
42
52
66
65
67
55
56
58
60
81
-1
-1
-1
58
69
62
65
61
82
79
61
29
65
69
53
44
44
65
65
54
65
68
99
40
43
61
52
57
57
34
41
33
33
47
55
63
43
45
56
49
58
44
66
61
45
53
67
53
49
55
64
68
70
77
38
39
47
50
33
32
32
32
59
42
82
53
72
75
66
49
63
75
85
44
47
68
40
98
54
56
53
55
55
55
49
54
43
46
56
49
48
51
40
45
49
41
43
82
82
71
69
63
58
43
59
75
94
127
102
59
52
50
56
39
64
53
58
60
60
50
46
37
49
46
50
53
64
47
64
68
84
49
64
62
67
81
66
71
107
117
54
57
45
34
31
25
55
84
79
67
81
66
42
52
64
57
61
58
52
84
84
87
61
82
80
67
77
35
60
70
71
80
65
88
76
45
48
48
46
44
42
42
52
39
46
51
59
43
54
58
60
39
39
47
67
71
57
52
75
71
49
86
49
35
37
50
47
49
54
55
42
47
32
44
59
62
64
50
45
41
61
48
58
76
79
71
77
52
50
23
56
17
50
54
76
72
84
81
75
56
58
56
63
69
55
73
50
59
61
71
67
62
60
34
36
45
48
47
65
58
80
45
73
46
47
43
39
45
55
28
26
37
55
56
55
48
55
65
52
59
54
54
46
70
80
57
49
39
36
61
58
72
49
61
56
44
48
37
38
42
42
30
51
51
32
44
31
35
32
53
47
39
82
51
45
52
54
59
51
43
36
63
44
62
31
29
72
47
42
73
54
60
87
84
90
87
45
44
58
50
38
46
72
96
60
78
59
74
86
79
96
100
76
79
77
38
34
48
41
46
50
44
58
45
40
38
66
51
54
58
59
54
77
64
51
52
56
41
42
49
55
53
50
31
80
85
78
63
58
56
62
58
34
60
68
115
80
43
38
37
42
51
50
46
67
55
44
72
69
69
52
67
60
62
57
56
54
47
43
55
47
36
52
58
57
55
46
52
54
70
86
102
55
80
64
61
50
45
61
49
68
30
29
30
43
53
59
63
57
56
40
59
40
43
35
51
58
50
44
50
74
75
58
98
20
95
52
92
73
52
58
74
72
49
55
47
42
54
47
60
52
52
77
50
75
86
77
77
81
46
54
73
62
47
66
42
48
48
56
52
55
46
52
66
49
49
38
86
66
65
66
61
73
76
68
52
37
54
63
44
46
50
67
56
36
50
36
32
41
35
30
31
35
51
81
83
83
73
36
51
56
33
44
43
66
80
75
78
78
75
74
72
71
77
77
76
70
78
68
69
76
51
46
48
53
75
82
35
69
42
66
50
56
54
10
48
54
48
52
62
59
71
75
108
95
98
100
76
59
44
51
72
50
63
64
69
45
46
87
88
77
64
86
52
47
51
55
69
56
51
36
55
58
58
57
60
57
44
62
70
73
44
43
38
50
50
52
39
46
45
47
38
55
67
72
42
51
48
49
49
41
30
42
89
70
88
82
94
55
53
40
38
59
58
56
60
41
40
41
45
57
81
88
71
64
75
65
86
79
84
48
82
59
73
60
74
57
69
61
56
35
56
88
79
39
52
52
39
57
63
54
46
53
60
48
54
58
65
65
62
48
51
57
101
84
83
86
73
90
40
77
81
78
80
81
53
21
101
62
80
78
74
80
94
80
68
70
35
40
56
61
45
57
36
52
80
80
53
67
75
55
54
62
50
53
57
51
89
90
64
91
82
36
46
54
50
40
73
80
64
76
81
70
80
54
54
52
61
63
67
78
47
76
99
39
56
55
63
49
58
79
64
65
63
65
71
36
79
60
56
94
72
66
75
68
99
82
80
98
103
93
59
57
58
54
54
60
57
63
45
47
44
56
60
48
53
68
45
57
54
58
79
88
62
66
31
51
58
52
59
54
90
80
52
57
48
44
47
41
46
71
58
58
59
66
63
86
46
47
45
36
32
32
54
55
56
87
46
59
53
54
53
45
56
54
52
57
59
36
35
39
46
54
38
50
54
36
39
57
54
54
57
39
62
59
37
49
62
39
45
55
39
43
61
48
47
53
62
62
69
49
58
61
65
67
44
45
32
51
79
67
76
62
73
65
51
54
55
65
65
64
54
56
19
62
72
59
104
54
44
40
59
52
51
35
34
52
39
50
45
45
35
33
67
60
63
65
66
68
56
71
82
39
40
60
59
61
123
85
49
47
43
63
46
61
10
42
43
43
40
85
98
69
81
72
64
81
47
48
45
79
50
62
50
59
56
56
49
47
50
1
1
-1
66
51
55
46
19
61
56
59
51
45
43
44
36
54
61
48
48
49
39
33
57
49
66
58
81
81
61
56
47
44
1
-1
45
72
71
76
63
31
56
58
46
50
40
54
74
49
56
44
54
60
35
35
37
74
88
63
70
52
58
53
59
69
80
66
42
69
63
49
37
36
54
64
53
28
35
36
61
51
42
81
114
89
43
74
72
72
50
50
56
58
48
38
47
83
71
41
69
79
78
65
31
82
72
90
75
58
63
54
54
46
71
71
37
34
41
47
87
66
60
97
63
68
63
47
54
50
35
42
97
46
43
42
50
48
33
46
47
50
39
68
79
64
78
49
53
54
59
62
11
16
77
73
77
74
43
77
93
46
33
30
58
53
44
50
73
78
78
81
39
30
54
55
48
58
70
69
46
48
46
39
47
29
53
53
30
55
53
52
50
38
66
55
119
58
63
52
71
54
45
53
51
61
79
66
56
65
57
68
72
74
56
60
50
50
56
50
40
42
46
40
67
74
29
44
30
66
47
51
35
40
47
57
61
66
38
74
63
58
59
62
71
74
46
53
65
56
43
52
55
68
54
50
48
53
43
54
40
57
37
56
65
69
54
38
42
37
40
52
60
61
57
65
70
48
50
45
35
45
47
49
47
48
71
48
75
110
53
50
31
44
34
53
49
82
40
32
32
34
48
17
67
63
39
7
36
63
65
53
34
72
53
60
45
57
45
49
75
73
114
65
52
29
28
29
50
56
60
48
61
57
51
46
41
10
77
36
33
38
50
60
48
62
64
40
55
52
84
44
41
65
69
64
35
59
49
65
68
37
68
74
64
39
-1
89
64
46
46
59
42
78
76
78
42
61
51
46
74
71
63
52
74
44
45
56
43
57
89
65
47
83
70
69
56
47
37
48
40
52
53
50
68
91
60
48
28
29
39
37
48
78
56
48
66
38
43
41
34
64
45
66
85
70
52
69
38
46
49
35
47
52
82
31
56
29
78
71
31
65
42
42
54
67
50
79
55
60
68
48
63
56
70
64
52
30
40
53
73
57
40
39
40
51
43
55
60
45
65
73
67
42
70
77
65
28
29
48
67
54
42
45
54
50
83
48
39
36
40
8
9
48
71
68
58
49
47
64
61
60
53
67
66
52
69
68
47
63
96
63
73
61
32
57
58
26
67
78
60
41
56
56
48
42
75
62
66
80
95
34
60
41
60
50
87
72
50
37
47
69
58
62
49
45
61
62
56
82
65
57
34
55
60
64
68
68
75
75
56
71
46
67
63
78
59
43
42
84
46
47
24
46
78
51
57
39
74
70
80
84
37
64
65
88
66
66
46